        TIME,    TIDE,      OB,   SURGE,    BIAS,     TWL,SURGE90p,  TWL90p,SURGE10p,   TWL10p
202605020600,   0.061,   1.210,   0.400,   0.749,   1.210,   0.300,   1.110,   0.400,   1.210
202605020606,   0.023,9999.000,9999.000,9999.000,9999.000,9999.000,9999.000,9999.000,9999.000
202605020612,  -0.007,   1.118,9999.000,9999.000,9999.000,9999.000,9999.000,9999.000,9999.000
202605020618,  -0.034,9999.000,9999.000,9999.000,9999.000,9999.000,9999.000,9999.000,9999.000
202605020624,  -0.054,   1.010,9999.000,9999.000,9999.000,9999.000,9999.000,9999.000,9999.000
202605020630,  -0.068,9999.000,9999.000,9999.000,9999.000,9999.000,9999.000,9999.000,9999.000
202605020636,  -0.077,   0.951,9999.000,9999.000,9999.000,9999.000,9999.000,9999.000,9999.000
202605020642,  -0.079,9999.000,9999.000,9999.000,9999.000,9999.000,9999.000,9999.000,9999.000
202605020648,  -0.075,   0.898,9999.000,9999.000,9999.000,9999.000,9999.000,9999.000,9999.000
202605020654,  -0.064,9999.000,9999.000,9999.000,9999.000,9999.000,9999.000,9999.000,9999.000
202605020700,  -0.048,   0.839,   0.400,   0.487,   0.839,   0.300,   0.739,   0.400,   0.839
202605020706,  -0.025,   0.819,9999.000,9999.000,9999.000,9999.000,9999.000,9999.000,9999.000
202605020712,   0.003,   0.819,9999.000,9999.000,9999.000,9999.000,9999.000,9999.000,9999.000
202605020718,   0.037,   0.829,9999.000,9999.000,9999.000,9999.000,9999.000,9999.000,9999.000
202605020724,   0.077,   0.849,9999.000,9999.000,9999.000,9999.000,9999.000,9999.000,9999.000
202605020730,   0.123,   0.859,9999.000,9999.000,9999.000,9999.000,9999.000,9999.000,9999.000
202605020736,   0.174,   0.869,9999.000,9999.000,9999.000,9999.000,9999.000,9999.000,9999.000
202605020742,   0.230,   0.888,9999.000,9999.000,9999.000,9999.000,9999.000,9999.000,9999.000
202605020748,   0.290,   0.951,9999.000,9999.000,9999.000,9999.000,9999.000,9999.000,9999.000
202605020754,   0.354,   1.010,9999.000,9999.000,9999.000,9999.000,9999.000,9999.000,9999.000
202605020800,   0.422,   1.088,   0.400,   0.266,   1.088,   0.300,   0.988,   0.400,   1.088
202605020806,   0.494,   1.151,9999.000,9999.000,9999.000,9999.000,9999.000,9999.000,9999.000
202605020812,   0.569,   1.210,9999.000,9999.000,9999.000,9999.000,9999.000,9999.000,9999.000
202605020818,   0.646,   1.269,9999.000,9999.000,9999.000,9999.000,9999.000,9999.000,9999.000
202605020824,   0.726,   1.338,9999.000,9999.000,9999.000,9999.000,9999.000,9999.000,9999.000
202605020830,   0.808,   1.400,9999.000,9999.000,9999.000,9999.000,9999.000,9999.000,9999.000
202605020836,   0.891,   1.479,9999.000,9999.000,9999.000,9999.000,9999.000,9999.000,9999.000
202605020842,   0.976,   1.538,9999.000,9999.000,9999.000,9999.000,9999.000,9999.000,9999.000
202605020848,   1.061,   1.600,9999.000,9999.000,9999.000,9999.000,9999.000,9999.000,9999.000
202605020854,   1.147,   1.659,9999.000,9999.000,9999.000,9999.000,9999.000,9999.000,9999.000
202605020900,   1.234,   1.728,   0.400,   0.094,   1.728,   0.300,   1.628,   0.400,   1.728
202605020906,   1.321,   1.830,9999.000,9999.000,9999.000,9999.000,9999.000,9999.000,9999.000
202605020912,   1.407,   1.918,9999.000,9999.000,9999.000,9999.000,9999.000,9999.000,9999.000
202605020918,   1.494,   2.020,9999.000,9999.000,9999.000,9999.000,9999.000,9999.000,9999.000
202605020924,   1.580,   2.099,9999.000,9999.000,9999.000,9999.000,9999.000,9999.000,9999.000
202605020930,   1.666,   2.177,9999.000,9999.000,9999.000,9999.000,9999.000,9999.000,9999.000
202605020936,   1.751,   2.279,9999.000,9999.000,9999.000,9999.000,9999.000,9999.000,9999.000
202605020942,   1.836,   2.377,9999.000,9999.000,9999.000,9999.000,9999.000,9999.000,9999.000
202605020948,   1.920,   2.469,9999.000,9999.000,9999.000,9999.000,9999.000,9999.000,9999.000
202605020954,   2.003,   2.568,9999.000,9999.000,9999.000,9999.000,9999.000,9999.000,9999.000
202605021000,   2.085,   2.650,   0.400,   0.165,   2.650,   0.400,   2.650,   0.400,   2.650
202605021006,   2.167,   2.728,9999.000,9999.000,9999.000,9999.000,9999.000,9999.000,9999.000
202605021012,   2.247,   2.797,9999.000,9999.000,9999.000,9999.000,9999.000,9999.000,9999.000
202605021018,   2.327,   2.879,9999.000,9999.000,9999.000,9999.000,9999.000,9999.000,9999.000
202605021024,   2.405,   2.958,9999.000,9999.000,9999.000,9999.000,9999.000,9999.000,9999.000
202605021030,   2.481,   3.040,9999.000,9999.000,9999.000,9999.000,9999.000,9999.000,9999.000
202605021036,   2.556,   3.138,9999.000,9999.000,9999.000,9999.000,9999.000,9999.000,9999.000
202605021042,   2.630,   3.230,9999.000,9999.000,9999.000,9999.000,9999.000,9999.000,9999.000
202605021048,   2.702,   3.329,9999.000,9999.000,9999.000,9999.000,9999.000,9999.000,9999.000
202605021054,   2.771,   3.398,9999.000,9999.000,9999.000,9999.000,9999.000,9999.000,9999.000
202605021100,   2.838,   3.440,   0.400,   0.202,   3.440,   0.300,   3.340,   0.400,   3.440
202605021106,   2.903,   3.480,9999.000,9999.000,9999.000,9999.000,9999.000,9999.000,9999.000
202605021112,   2.965,   3.529,9999.000,9999.000,9999.000,9999.000,9999.000,9999.000,9999.000
202605021118,   3.023,   3.578,9999.000,9999.000,9999.000,9999.000,9999.000,9999.000,9999.000
202605021124,   3.079,   3.637,9999.000,9999.000,9999.000,9999.000,9999.000,9999.000,9999.000
202605021130,   3.130,   3.699,9999.000,9999.000,9999.000,9999.000,9999.000,9999.000,9999.000
202605021136,   3.178,   3.778,9999.000,9999.000,9999.000,9999.000,9999.000,9999.000,9999.000
202605021142,   3.221,   3.847,9999.000,9999.000,9999.000,9999.000,9999.000,9999.000,9999.000
202605021148,   3.259,   3.899,9999.000,9999.000,9999.000,9999.000,9999.000,9999.000,9999.000
202605021154,   3.293,   3.939,9999.000,9999.000,9999.000,9999.000,9999.000,9999.000,9999.000
202605021200,   3.322,   3.988,   0.500,   0.166,   3.988,   0.400,   3.888,   0.500,   3.988
202605021206,   3.346,   4.070,9999.000,9999.000,9999.000,9999.000,9999.000,9999.000,9999.000
202605021212,   3.364,   4.129,9999.000,9999.000,9999.000,9999.000,9999.000,9999.000,9999.000
202605021218,   3.378,   4.159,9999.000,9999.000,9999.000,9999.000,9999.000,9999.000,9999.000
202605021224,   3.385,   4.178,9999.000,9999.000,9999.000,9999.000,9999.000,9999.000,9999.000
202605021230,   3.387,   4.188,9999.000,9999.000,9999.000,9999.000,9999.000,9999.000,9999.000
202605021236,   3.384,   4.198,9999.000,9999.000,9999.000,9999.000,9999.000,9999.000,9999.000
202605021242,   3.375,   4.198,9999.000,9999.000,9999.000,9999.000,9999.000,9999.000,9999.000
202605021248,   3.361,   4.198,9999.000,9999.000,9999.000,9999.000,9999.000,9999.000,9999.000
202605021254,   3.341,   4.198,9999.000,9999.000,9999.000,9999.000,9999.000,9999.000,9999.000
202605021300,   3.317,   4.208,   0.500,   0.391,   4.208,   0.400,   4.108,   0.500,   4.208
202605021306,   3.287,   4.227,9999.000,9999.000,9999.000,9999.000,9999.000,9999.000,9999.000
202605021312,   3.253,   4.247,9999.000,9999.000,9999.000,9999.000,9999.000,9999.000,9999.000
202605021318,   3.215,   4.247,9999.000,9999.000,9999.000,9999.000,9999.000,9999.000,9999.000
202605021324,   3.172,   4.257,9999.000,9999.000,9999.000,9999.000,9999.000,9999.000,9999.000
202605021330,   3.125,   4.280,9999.000,9999.000,9999.000,9999.000,9999.000,9999.000,9999.000
202605021336,   3.075,   4.267,9999.000,9999.000,9999.000,9999.000,9999.000,9999.000,9999.000
202605021342,   3.021,   4.198,9999.000,9999.000,9999.000,9999.000,9999.000,9999.000,9999.000
202605021348,   2.964,   4.129,9999.000,9999.000,9999.000,9999.000,9999.000,9999.000,9999.000
202605021354,   2.904,   4.057,9999.000,9999.000,9999.000,9999.000,9999.000,9999.000,9999.000
202605021400,   2.841,   4.017,   0.500,   0.676,   4.017,   0.400,   3.917,   0.500,   4.017
202605021406,   2.776,   3.968,9999.000,9999.000,9999.000,9999.000,9999.000,9999.000,9999.000
202605021412,   2.708,   3.919,9999.000,9999.000,9999.000,9999.000,9999.000,9999.000,9999.000
202605021418,   2.639,   3.860,9999.000,9999.000,9999.000,9999.000,9999.000,9999.000,9999.000
202605021424,   2.567,   3.778,9999.000,9999.000,9999.000,9999.000,9999.000,9999.000,9999.000
202605021430,   2.494,   3.699,9999.000,9999.000,9999.000,9999.000,9999.000,9999.000,9999.000
202605021436,   2.420,   3.617,9999.000,9999.000,9999.000,9999.000,9999.000,9999.000,9999.000
202605021442,   2.344,   3.529,9999.000,9999.000,9999.000,9999.000,9999.000,9999.000,9999.000
202605021448,   2.267,   3.450,9999.000,9999.000,9999.000,9999.000,9999.000,9999.000,9999.000
202605021454,   2.189,   3.358,9999.000,9999.000,9999.000,9999.000,9999.000,9999.000,9999.000
202605021500,   2.110,   3.250,   0.500,   0.640,   3.250,   0.500,   3.250,   0.500,   3.250
202605021506,   2.031,   3.138,9999.000,9999.000,9999.000,9999.000,9999.000,9999.000,9999.000
202605021512,   1.951,   3.050,9999.000,9999.000,9999.000,9999.000,9999.000,9999.000,9999.000
202605021518,   1.870,   2.988,9999.000,9999.000,9999.000,9999.000,9999.000,9999.000,9999.000
202605021524,   1.790,   2.938,9999.000,9999.000,9999.000,9999.000,9999.000,9999.000,9999.000
202605021530,   1.709,   2.869,9999.000,9999.000,9999.000,9999.000,9999.000,9999.000,9999.000
202605021536,   1.628,   2.768,9999.000,9999.000,9999.000,9999.000,9999.000,9999.000,9999.000
202605021542,   1.547,   2.669,9999.000,9999.000,9999.000,9999.000,9999.000,9999.000,9999.000
202605021548,   1.467,   2.568,9999.000,9999.000,9999.000,9999.000,9999.000,9999.000,9999.000
202605021554,   1.387,   2.499,9999.000,9999.000,9999.000,9999.000,9999.000,9999.000,9999.000
202605021600,   1.308,   2.430,   0.500,   0.622,   2.430,   0.500,   2.430,   0.500,   2.430
202605021606,   1.230,   2.387,9999.000,9999.000,9999.000,9999.000,9999.000,9999.000,9999.000
202605021612,   1.153,   2.328,9999.000,9999.000,9999.000,9999.000,9999.000,9999.000,9999.000
202605021618,   1.077,   2.269,9999.000,9999.000,9999.000,9999.000,9999.000,9999.000,9999.000
202605021624,   1.003,   2.200,9999.000,9999.000,9999.000,9999.000,9999.000,9999.000,9999.000
202605021630,   0.930,   2.128,9999.000,9999.000,9999.000,9999.000,9999.000,9999.000,9999.000
202605021636,   0.859,   2.069,9999.000,9999.000,9999.000,9999.000,9999.000,9999.000,9999.000
202605021642,   0.790,   2.010,9999.000,9999.000,9999.000,9999.000,9999.000,9999.000,9999.000
202605021648,   0.724,   1.948,9999.000,9999.000,9999.000,9999.000,9999.000,9999.000,9999.000
202605021654,   0.659,   1.889,9999.000,9999.000,9999.000,9999.000,9999.000,9999.000,9999.000
202605021700,   0.598,   1.820,   0.500,   0.722,   1.820,   0.500,   1.820,   0.500,   1.820
202605021706,   0.539,   1.748,9999.000,9999.000,9999.000,9999.000,9999.000,9999.000,9999.000
202605021712,   0.483,   1.659,9999.000,9999.000,9999.000,9999.000,9999.000,9999.000,9999.000
202605021718,   0.430,   1.590,9999.000,9999.000,9999.000,9999.000,9999.000,9999.000,9999.000
202605021724,   0.380,   1.518,9999.000,9999.000,9999.000,9999.000,9999.000,9999.000,9999.000
202605021730,   0.334,   1.459,9999.000,9999.000,9999.000,9999.000,9999.000,9999.000,9999.000
202605021736,   0.292,   1.420,9999.000,9999.000,9999.000,9999.000,9999.000,9999.000,9999.000
202605021742,   0.253,   1.380,9999.000,9999.000,9999.000,9999.000,9999.000,9999.000,9999.000
202605021748,   0.219,   1.338,9999.000,9999.000,9999.000,9999.000,9999.000,9999.000,9999.000
202605021754,   0.189,   1.298,9999.000,9999.000,9999.000,9999.000,9999.000,9999.000,9999.000
202605021800,   0.163,   1.259,   0.500,   0.596,   1.259,   0.500,   1.259,   0.600,   1.359
202605021806,   0.142,   1.229,9999.000,9999.000,9999.000,9999.000,9999.000,9999.000,9999.000
202605021812,   0.126,   1.190,9999.000,9999.000,9999.000,9999.000,9999.000,9999.000,9999.000
202605021818,   0.114,   1.180,9999.000,9999.000,9999.000,9999.000,9999.000,9999.000,9999.000
202605021824,   0.108,   1.151,9999.000,9999.000,9999.000,9999.000,9999.000,9999.000,9999.000
202605021830,   0.108,   1.138,9999.000,9999.000,9999.000,9999.000,9999.000,9999.000,9999.000
202605021836,   0.112,   1.108,9999.000,9999.000,9999.000,9999.000,9999.000,9999.000,9999.000
202605021842,   0.123,   1.069,9999.000,9999.000,9999.000,9999.000,9999.000,9999.000,9999.000
202605021848,   0.138,   1.029,9999.000,9999.000,9999.000,9999.000,9999.000,9999.000,9999.000
202605021854,   0.160,   0.990,9999.000,9999.000,9999.000,9999.000,9999.000,9999.000,9999.000
202605021900,   0.188,   0.980,   0.500,   0.292,   0.980,   0.500,   0.980,   0.600,   1.080
202605021906,   0.221,   0.970,9999.000,9999.000,9999.000,9999.000,9999.000,9999.000,9999.000
202605021912,   0.260,   0.990,9999.000,9999.000,9999.000,9999.000,9999.000,9999.000,9999.000
202605021918,   0.305,   1.000,9999.000,9999.000,9999.000,9999.000,9999.000,9999.000,9999.000
202605021924,   0.356,   1.049,9999.000,9999.000,9999.000,9999.000,9999.000,9999.000,9999.000
202605021930,   0.412,   1.098,9999.000,9999.000,9999.000,9999.000,9999.000,9999.000,9999.000
202605021936,   0.474,   1.170,9999.000,9999.000,9999.000,9999.000,9999.000,9999.000,9999.000
202605021942,   0.541,   1.239,9999.000,9999.000,9999.000,9999.000,9999.000,9999.000,9999.000
202605021948,   0.614,   1.308,9999.000,9999.000,9999.000,9999.000,9999.000,9999.000,9999.000
202605021954,   0.691,   1.371,9999.000,9999.000,9999.000,9999.000,9999.000,9999.000,9999.000
202605022000,   0.772,   1.439,   0.500,   0.167,   1.439,   0.500,   1.439,   0.600,   1.539
202605022006,   0.858,   1.489,9999.000,9999.000,9999.000,9999.000,9999.000,9999.000,9999.000
202605022012,   0.947,   1.538,9999.000,9999.000,9999.000,9999.000,9999.000,9999.000,9999.000
202605022018,   1.040,   1.590,9999.000,9999.000,9999.000,9999.000,9999.000,9999.000,9999.000
202605022024,   1.136,   1.649,9999.000,9999.000,9999.000,9999.000,9999.000,9999.000,9999.000
202605022030,   1.235,   1.738,9999.000,9999.000,9999.000,9999.000,9999.000,9999.000,9999.000
202605022036,   1.336,   1.820,9999.000,9999.000,9999.000,9999.000,9999.000,9999.000,9999.000
202605022042,   1.439,   1.918,9999.000,9999.000,9999.000,9999.000,9999.000,9999.000,9999.000
202605022048,   1.543,   2.030,9999.000,9999.000,9999.000,9999.000,9999.000,9999.000,9999.000
202605022054,   1.648,   2.148,9999.000,9999.000,9999.000,9999.000,9999.000,9999.000,9999.000
202605022100,   1.754,   2.269,   0.600,  -0.085,   2.269,   0.500,   2.169,   0.600,   2.269
202605022106,   1.861,   2.387,9999.000,9999.000,9999.000,9999.000,9999.000,9999.000,9999.000
202605022112,   1.967,   2.489,9999.000,9999.000,9999.000,9999.000,9999.000,9999.000,9999.000
202605022118,   2.073,   2.587,9999.000,9999.000,9999.000,9999.000,9999.000,9999.000,9999.000
202605022124,   2.179,   2.689,9999.000,9999.000,9999.000,9999.000,9999.000,9999.000,9999.000
202605022130,   2.283,   2.758,9999.000,9999.000,9999.000,9999.000,9999.000,9999.000,9999.000
202605022136,   2.387,   2.860,9999.000,9999.000,9999.000,9999.000,9999.000,9999.000,9999.000
202605022142,   2.489,   2.948,9999.000,9999.000,9999.000,9999.000,9999.000,9999.000,9999.000
202605022148,   2.590,   3.040,9999.000,9999.000,9999.000,9999.000,9999.000,9999.000,9999.000
202605022154,   2.690,   3.158,9999.000,9999.000,9999.000,9999.000,9999.000,9999.000,9999.000
202605022200,   2.788,   3.289,   0.600,  -0.099,   3.289,   0.600,   3.289,   0.600,   3.289
202605022206,   2.884,   3.407,9999.000,9999.000,9999.000,9999.000,9999.000,9999.000,9999.000
202605022212,   2.978,   3.489,9999.000,9999.000,9999.000,9999.000,9999.000,9999.000,9999.000
202605022218,   3.071,   3.568,9999.000,9999.000,9999.000,9999.000,9999.000,9999.000,9999.000
202605022224,   3.162,   3.637,9999.000,9999.000,9999.000,9999.000,9999.000,9999.000,9999.000
202605022230,   3.251,   3.709,9999.000,9999.000,9999.000,9999.000,9999.000,9999.000,9999.000
202605022236,   3.338,   3.778,9999.000,9999.000,9999.000,9999.000,9999.000,9999.000,9999.000
202605022242,   3.422,   3.817,9999.000,9999.000,9999.000,9999.000,9999.000,9999.000,9999.000
202605022248,   3.505,   3.870,9999.000,9999.000,9999.000,9999.000,9999.000,9999.000,9999.000
202605022254,   3.585,   3.929,9999.000,9999.000,9999.000,9999.000,9999.000,9999.000,9999.000
202605022300,   3.663,   3.998,   0.600,  -0.265,   3.998,   0.600,   3.998,   0.700,   4.098
202605022306,   3.738,   4.080,9999.000,9999.000,9999.000,9999.000,9999.000,9999.000,9999.000
202605022312,   3.811,   4.178,9999.000,9999.000,9999.000,9999.000,9999.000,9999.000,9999.000
202605022318,   3.880,   4.257,9999.000,9999.000,9999.000,9999.000,9999.000,9999.000,9999.000
202605022324,   3.946,   4.319,9999.000,9999.000,9999.000,9999.000,9999.000,9999.000,9999.000
202605022330,   4.009,   4.378,9999.000,9999.000,9999.000,9999.000,9999.000,9999.000,9999.000
202605022336,   4.069,   4.437,9999.000,9999.000,9999.000,9999.000,9999.000,9999.000,9999.000
202605022342,   4.124,   4.490,9999.000,9999.000,9999.000,9999.000,9999.000,9999.000,9999.000
202605022348,   4.175,   4.529,9999.000,9999.000,9999.000,9999.000,9999.000,9999.000,9999.000
202605022354,   4.222,   4.588,9999.000,9999.000,9999.000,9999.000,9999.000,9999.000,9999.000
202605030000,   4.264,   4.647,   0.600,  -0.217,   4.647,   0.600,   4.647,   0.600,   4.647
202605030006,   4.301,   4.690,9999.000,9999.000,9999.000,9999.000,9999.000,9999.000,9999.000
202605030012,   4.333,   4.729,9999.000,9999.000,9999.000,9999.000,9999.000,9999.000,9999.000
202605030018,   4.359,   4.798,9999.000,9999.000,9999.000,9999.000,9999.000,9999.000,9999.000
202605030024,   4.380,   4.847,9999.000,9999.000,9999.000,9999.000,9999.000,9999.000,9999.000
202605030030,   4.395,   4.887,9999.000,9999.000,9999.000,9999.000,9999.000,9999.000,9999.000
202605030036,   4.405,   4.910,9999.000,9999.000,9999.000,9999.000,9999.000,9999.000,9999.000
202605030042,   4.408,   4.949,9999.000,9999.000,9999.000,9999.000,9999.000,9999.000,9999.000
202605030048,   4.405,   4.988,9999.000,9999.000,9999.000,9999.000,9999.000,9999.000,9999.000
202605030054,   4.397,   5.028,9999.000,9999.000,9999.000,9999.000,9999.000,9999.000,9999.000
202605030100,   4.382,   5.057,   0.600,   0.075,   5.057,   0.600,   5.057,   0.600,   5.057
202605030106,   4.361,   5.067,9999.000,9999.000,9999.000,9999.000,9999.000,9999.000,9999.000
202605030112,   4.335,   5.067,9999.000,9999.000,9999.000,9999.000,9999.000,9999.000,9999.000
202605030118,   4.303,   5.067,9999.000,9999.000,9999.000,9999.000,9999.000,9999.000,9999.000
202605030124,   4.265,   5.067,9999.000,9999.000,9999.000,9999.000,9999.000,9999.000,9999.000
202605030130,   4.222,   5.057,9999.000,9999.000,9999.000,9999.000,9999.000,9999.000,9999.000
202605030136,   4.175,   5.028,9999.000,9999.000,9999.000,9999.000,9999.000,9999.000,9999.000
202605030142,   4.122,   4.998,9999.000,9999.000,9999.000,9999.000,9999.000,9999.000,9999.000
202605030148,   4.065,   4.969,9999.000,9999.000,9999.000,9999.000,9999.000,9999.000,9999.000
202605030154,   4.003,   4.939,9999.000,9999.000,9999.000,9999.000,9999.000,9999.000,9999.000
202605030200,   3.937,   4.900,   0.600,   0.363,   4.900,   0.600,   4.900,   0.600,   4.900
202605030206,   3.868,   4.857,9999.000,9999.000,9999.000,9999.000,9999.000,9999.000,9999.000
202605030212,   3.795,   4.837,9999.000,9999.000,9999.000,9999.000,9999.000,9999.000,9999.000
202605030218,   3.720,   4.818,9999.000,9999.000,9999.000,9999.000,9999.000,9999.000,9999.000
202605030224,   3.641,   4.759,9999.000,9999.000,9999.000,9999.000,9999.000,9999.000,9999.000
202605030230,   3.559,   4.657,9999.000,9999.000,9999.000,9999.000,9999.000,9999.000,9999.000
202605030236,   3.476,   4.569,9999.000,9999.000,9999.000,9999.000,9999.000,9999.000,9999.000
202605030242,   3.390,   4.500,9999.000,9999.000,9999.000,9999.000,9999.000,9999.000,9999.000
202605030248,   3.302,   4.408,9999.000,9999.000,9999.000,9999.000,9999.000,9999.000,9999.000
202605030254,   3.212,   4.280,9999.000,9999.000,9999.000,9999.000,9999.000,9999.000,9999.000
202605030300,   3.121,   4.188,   0.600,   0.467,   4.188,   0.600,   4.188,   0.600,   4.188
202605030306,   3.028,   4.119,9999.000,9999.000,9999.000,9999.000,9999.000,9999.000,9999.000
202605030312,   2.934,   4.037,9999.000,9999.000,9999.000,9999.000,9999.000,9999.000,9999.000
202605030318,   2.840,   3.949,9999.000,9999.000,9999.000,9999.000,9999.000,9999.000,9999.000
202605030324,   2.744,   3.837,9999.000,9999.000,9999.000,9999.000,9999.000,9999.000,9999.000
202605030330,   2.647,   3.729,9999.000,9999.000,9999.000,9999.000,9999.000,9999.000,9999.000
202605030336,   2.550,   3.617,9999.000,9999.000,9999.000,9999.000,9999.000,9999.000,9999.000
202605030342,   2.453,   3.529,9999.000,9999.000,9999.000,9999.000,9999.000,9999.000,9999.000
202605030348,   2.355,   3.427,9999.000,9999.000,9999.000,9999.000,9999.000,9999.000,9999.000
202605030354,   2.257,   3.309,9999.000,9999.000,9999.000,9999.000,9999.000,9999.000,9999.000
202605030400,   2.160,   3.188,   0.600,   0.428,   3.188,   0.600,   3.188,   0.600,   3.188
202605030406,   2.062,   3.079,9999.000,9999.000,9999.000,9999.000,9999.000,9999.000,9999.000
202605030412,   1.965,   2.988,9999.000,9999.000,9999.000,9999.000,9999.000,9999.000,9999.000
202605030418,   1.868,   2.919,9999.000,9999.000,9999.000,9999.000,9999.000,9999.000,9999.000
202605030424,   1.772,   2.840,9999.000,9999.000,9999.000,9999.000,9999.000,9999.000,9999.000
202605030430,   1.677,   2.748,9999.000,9999.000,9999.000,9999.000,9999.000,9999.000,9999.000
202605030436,   1.582,   2.650,9999.000,9999.000,9999.000,9999.000,9999.000,9999.000,9999.000
202605030442,   1.489,   2.558,9999.000,9999.000,9999.000,9999.000,9999.000,9999.000,9999.000
202605030448,   1.398,   2.489,9999.000,9999.000,9999.000,9999.000,9999.000,9999.000,9999.000
202605030454,   1.308,   2.410,9999.000,9999.000,9999.000,9999.000,9999.000,9999.000,9999.000
202605030500,   1.219,   2.309,   0.600,   0.490,   2.309,   0.600,   2.309,   0.600,   2.309
202605030506,   1.133,   2.200,9999.000,9999.000,9999.000,9999.000,9999.000,9999.000,9999.000
202605030512,   1.048,   2.099,9999.000,9999.000,9999.000,9999.000,9999.000,9999.000,9999.000
202605030518,   0.966,   2.020,9999.000,9999.000,9999.000,9999.000,9999.000,9999.000,9999.000
202605030524,   0.887,   1.967,9999.000,9999.000,9999.000,9999.000,9999.000,9999.000,9999.000
202605030530,   0.810,   1.908,9999.000,9999.000,9999.000,9999.000,9999.000,9999.000,9999.000
202605030536,   0.735,   1.840,9999.000,9999.000,9999.000,9999.000,9999.000,9999.000,9999.000
202605030542,   0.664,   1.738,9999.000,9999.000,9999.000,9999.000,9999.000,9999.000,9999.000
202605030548,   0.596,   1.649,9999.000,9999.000,9999.000,9999.000,9999.000,9999.000,9999.000
202605030554,   0.531,   1.571,9999.000,9999.000,9999.000,9999.000,9999.000,9999.000,9999.000
202605030600,   0.470,   1.498,   0.500,   0.528,   1.498,   0.500,   1.498,   0.600,   1.598
202605030606,   0.412,   1.430,9999.000,9999.000,9999.000,9999.000,9999.000,9999.000,9999.000
202605030612,   0.359,   1.361,9999.000,9999.000,9999.000,9999.000,9999.000,9999.000,9999.000
202605030618,   0.309,   1.308,9999.000,9999.000,9999.000,9999.000,9999.000,9999.000,9999.000
202605030624,   0.264,   1.259,9999.000,9999.000,9999.000,9999.000,9999.000,9999.000,9999.000
202605030630,   0.223,   1.229,9999.000,9999.000,9999.000,9999.000,9999.000,9999.000,9999.000
202605030636,   0.186,   1.170,9999.000,9999.000,9999.000,9999.000,9999.000,9999.000,9999.000
202605030642,   0.154,   1.128,9999.000,9999.000,9999.000,9999.000,9999.000,9999.000,9999.000
202605030648,   0.128,   1.049,9999.000,9999.000,9999.000,9999.000,9999.000,9999.000,9999.000
